95755
94084
34832
96007
58277
36901
35979
97502
98133
98727
96211
98441
92875
94967
98621
96236
92918
93577
98135
93069
95415
94271
98730
98619
92578
96240
98442
98150
92667
98050
98064
38527
98306
98117
97775
92696
98440
98359
98357
53635
95255
98560
98146
66927
96946
98360
83504
96002
98525
98443
94306
93828
96088
94334
98115
87244
88687
98729
94643
98686
98148
98609
98147
98136
92474
93408
98119
54460
98010
68714
98257
95249
98152
94767
92979
98692
92708
95967
51664
98358
92277
98075
39651
93393
98620
93058
94136
92752
98122
67883
93642
97615
98113
75288
94901
98145
42507
98523
38285
34702
93991
98085
94646
93491
98526
57174
93710
98134
98149
93405
84917
98256
98259
98112
55334
98522
42666
98151
92599
35998
98120
94910
98444
80219
62552
98524
93697
98255
93633
81385
98202
98343
98114
95700
98116
88792
98118
92826
92806
93026
98029
93488
93204
94073
92615
93361
95296
86948
98258
95649
77401
94249
43135
83500
97767
40040
92824
92876
98728
98153
98361
93948
93634
39856
94161
98097
92144
94822
94824
98121
94443
92324
94734
95994
96822
